 0.000000	 0.000000
 0.001000	 0.050000
 0.002000	 0.099500
 0.003000	 0.148505
 0.004000	 0.197020
 0.005000	 0.245050
 0.006000	 0.292599
 0.007000	 0.339673
 0.008000	 0.386277
 0.009000	 0.432414
 0.010000	 0.478090
 0.011000	 0.523309
 0.012000	 0.568076
 0.013000	 0.612395
 0.014000	 0.656271
 0.015000	 0.699708
 0.016000	 0.742711
 0.017000	 0.785284
 0.018000	 0.827431
 0.019000	 0.869157
 0.020000	 0.910465
 0.021000	 0.951361
 0.022000	 0.991847
 0.023000	 1.031929
 0.024000	 1.071609
 0.025000	 1.110893
 0.026000	 1.149784
 0.027000	 1.188286
 0.028000	 1.226404
 0.029000	 1.264140
 0.030000	 1.301498
 0.031000	 1.338483
 0.032000	 1.375098
 0.033000	 1.411347
 0.034000	 1.447234
 0.035000	 1.482762
 0.036000	 1.517934
 0.037000	 1.552755
 0.038000	 1.587227
 0.039000	 1.621355
 0.040000	 1.655141
 0.041000	 1.688590
 0.042000	 1.721704
 0.043000	 1.754487
 0.044000	 1.786942
 0.045000	 1.819073
 0.046000	 1.850882
 0.047000	 1.882373
 0.048000	 1.913549
 0.049000	 1.944414
 0.050000	 1.974970
 0.051000	 2.005220
 0.052000	 2.035168
 0.053000	 2.064816
 0.054000	 2.094168
 0.055000	 2.123226
 0.056000	 2.151994
 0.057000	 2.180474
 0.058000	 2.208669
 0.059000	 2.236583
 0.060000	 2.264217
 0.061000	 2.291575
 0.062000	 2.318659
 0.063000	 2.345472
 0.064000	 2.372018
 0.065000	 2.398297
 0.066000	 2.424314
 0.067000	 2.450071
 0.068000	 2.475571
 0.069000	 2.500815
 0.070000	 2.525807
 0.071000	 2.550549
 0.072000	 2.575043
 0.073000	 2.599293
 0.074000	 2.623300
 0.075000	 2.647067
 0.076000	 2.670596
 0.077000	 2.693890
 0.078000	 2.716951
 0.079000	 2.739782
 0.080000	 2.762384
 0.081000	 2.784760
 0.082000	 2.806912
 0.083000	 2.828843
 0.084000	 2.850555
 0.085000	 2.872049
 0.086000	 2.893329
 0.087000	 2.914396
 0.088000	 2.935252
 0.089000	 2.955899
 0.090000	 2.976340
 0.091000	 2.996577
 0.092000	 3.016611
 0.093000	 3.036445
 0.094000	 3.056080
 0.095000	 3.075520
 0.096000	 3.094764
 0.097000	 3.113817
 0.098000	 3.132679
 0.099000	 3.151352
 0.100000	 3.169838
 0.101000	 3.188140
 0.102000	 3.206259
 0.103000	 3.224196
 0.104000	 3.241954
 0.105000	 3.259534
 0.106000	 3.276939
 0.107000	 3.294170
 0.108000	 3.311228
 0.109000	 3.328116
 0.110000	 3.344835
 0.111000	 3.361386
 0.112000	 3.377772
 0.113000	 3.393995
 0.114000	 3.410055
 0.115000	 3.425954
 0.116000	 3.441695
 0.117000	 3.457278
 0.118000	 3.472705
 0.119000	 3.487978
 0.120000	 3.503098
 0.121000	 3.518067
 0.122000	 3.532886
 0.123000	 3.547558
 0.124000	 3.562082
 0.125000	 3.576461
 0.126000	 3.590697
 0.127000	 3.604790
 0.128000	 3.618742
 0.129000	 3.632554
 0.130000	 3.646229
 0.131000	 3.659766
 0.132000	 3.673169
 0.133000	 3.686437
 0.134000	 3.699573
 0.135000	 3.712577
 0.136000	 3.725451
 0.137000	 3.738197
 0.138000	 3.750815
 0.139000	 3.763307
 0.140000	 3.775674
 0.141000	 3.787917
 0.142000	 3.800038
 0.143000	 3.812037
 0.144000	 3.823917
 0.145000	 3.835678
 0.146000	 3.847321
 0.147000	 3.858848
 0.148000	 3.870259
 0.149000	 3.881557
 0.150000	 3.892741
 0.151000	 3.903814
 0.152000	 3.914776
 0.153000	 3.925628
 0.154000	 3.936371
 0.155000	 3.947008
 0.156000	 3.957538
 0.157000	 3.967962
 0.158000	 3.978283
 0.159000	 3.988500
 0.160000	 3.998615
 0.161000	 4.008629
 0.162000	 4.018542
 0.163000	 4.028357
 0.164000	 4.038073
 0.165000	 4.047693
 0.166000	 4.057216
 0.167000	 4.066644
 0.168000	 4.075977
 0.169000	 4.085217
 0.170000	 4.094365
 0.171000	 4.103422
 0.172000	 4.112387
 0.173000	 4.121263
 0.174000	 4.130051
 0.175000	 4.138750
 0.176000	 4.147363
 0.177000	 4.155889
 0.178000	 4.164330
 0.179000	 4.172687
 0.180000	 4.180960
 0.181000	 4.189151
 0.182000	 4.197259
 0.183000	 4.205286
 0.184000	 4.213234
 0.185000	 4.221101
 0.186000	 4.228890
 0.187000	 4.236601
 0.188000	 4.244235
 0.189000	 4.251793
 0.190000	 4.259275
 0.191000	 4.266682
 0.192000	 4.274015
 0.193000	 4.281275
 0.194000	 4.288463
 0.195000	 4.295578
 0.196000	 4.302622
 0.197000	 4.309596
 0.198000	 4.316500
 0.199000	 4.323335
 0.200000	 4.330102
 0.201000	 4.336801
 0.202000	 4.343433
 0.203000	 4.349998
 0.204000	 4.356498
 0.205000	 4.362933
 0.206000	 4.369304
 0.207000	 4.375611
 0.208000	 4.381855
 0.209000	 4.388036
 0.210000	 4.394156
 0.211000	 4.400214
 0.212000	 4.406212
 0.213000	 4.412150
 0.214000	 4.418029
 0.215000	 4.423848
 0.216000	 4.429610
 0.217000	 4.435314
 0.218000	 4.440961
 0.219000	 4.446551
 0.220000	 4.452085
 0.221000	 4.457565
 0.222000	 4.462989
 0.223000	 4.468359
 0.224000	 4.473675
 0.225000	 4.478939
 0.226000	 4.484149
 0.227000	 4.489308
 0.228000	 4.494415
 0.229000	 4.499471
 0.230000	 4.504476
 0.231000	 4.509431
 0.232000	 4.514337
 0.233000	 4.519193
 0.234000	 4.524002
 0.235000	 4.528762
 0.236000	 4.533474
 0.237000	 4.538139
 0.238000	 4.542758
 0.239000	 4.547330
 0.240000	 4.551857
 0.241000	 4.556338
 0.242000	 4.560775
 0.243000	 4.565167
 0.244000	 4.569516
 0.245000	 4.573820
 0.246000	 4.578082
 0.247000	 4.582301
 0.248000	 4.586478
 0.249000	 4.590614
 0.250000	 4.594707
 0.251000	 4.598760
 0.252000	 4.602773
 0.253000	 4.606745
 0.254000	 4.610678
 0.255000	 4.614571
 0.256000	 4.618425
 0.257000	 4.622241
 0.258000	 4.626018
 0.259000	 4.629758
 0.260000	 4.633461
 0.261000	 4.637126
 0.262000	 4.640755
 0.263000	 4.644347
 0.264000	 4.647904
 0.265000	 4.651425
 0.266000	 4.654910
 0.267000	 4.658361
 0.268000	 4.661778
 0.269000	 4.665160
 0.270000	 4.668508
 0.271000	 4.671823
 0.272000	 4.675105
 0.273000	 4.678354
 0.274000	 4.681570
 0.275000	 4.684755
 0.276000	 4.687907
 0.277000	 4.691028
 0.278000	 4.694118
 0.279000	 4.697177
 0.280000	 4.700205
 0.281000	 4.703203
 0.282000	 4.706171
 0.283000	 4.709109
 0.284000	 4.712018
 0.285000	 4.714898
 0.286000	 4.717749
 0.287000	 4.720571
 0.288000	 4.723366
 0.289000	 4.726132
 0.290000	 4.728871
 0.291000	 4.731582
 0.292000	 4.734266
 0.293000	 4.736924
 0.294000	 4.739554
 0.295000	 4.742159
 0.296000	 4.744737
 0.297000	 4.747290
 0.298000	 4.749817
 0.299000	 4.752319
 0.300000	 4.754796
 0.301000	 4.757248
 0.302000	 4.759675
 0.303000	 4.762078
 0.304000	 4.764458
 0.305000	 4.766813
 0.306000	 4.769145
 0.307000	 4.771453
 0.308000	 4.773739
 0.309000	 4.776001
 0.310000	 4.778241
 0.311000	 4.780459
 0.312000	 4.782654
 0.313000	 4.784828
 0.314000	 4.786980
 0.315000	 4.789110
 0.316000	 4.791219
 0.317000	 4.793307
 0.318000	 4.795373
 0.319000	 4.797420
 0.320000	 4.799446
 0.321000	 4.801451
 0.322000	 4.803437
 0.323000	 4.805402
 0.324000	 4.807348
 0.325000	 4.809275
 0.326000	 4.811182
 0.327000	 4.813070
 0.328000	 4.814939
 0.329000	 4.816790
 0.330000	 4.818622
 0.331000	 4.820436
 0.332000	 4.822232
 0.333000	 4.824009
 0.334000	 4.825769
 0.335000	 4.827511
 0.336000	 4.829236
 0.337000	 4.830944
 0.338000	 4.832635
 0.339000	 4.834308
 0.340000	 4.835965
 0.341000	 4.837605
 0.342000	 4.839229
 0.343000	 4.840837
 0.344000	 4.842429
 0.345000	 4.844004
 0.346000	 4.845564
 0.347000	 4.847109
 0.348000	 4.848638
 0.349000	 4.850151
 0.350000	 4.851650
 0.351000	 4.853133
 0.352000	 4.854602
 0.353000	 4.856056
 0.354000	 4.857495
 0.355000	 4.858920
 0.356000	 4.860331
 0.357000	 4.861728
 0.358000	 4.863111
 0.359000	 4.864480
 0.360000	 4.865835
 0.361000	 4.867176
 0.362000	 4.868505
 0.363000	 4.869820
 0.364000	 4.871121
 0.365000	 4.872410
 0.366000	 4.873686
 0.367000	 4.874949
 0.368000	 4.876200
 0.369000	 4.877438
 0.370000	 4.878663
 0.371000	 4.879877
 0.372000	 4.881078
 0.373000	 4.882267
 0.374000	 4.883444
 0.375000	 4.884610
 0.376000	 4.885764
 0.377000	 4.886906
 0.378000	 4.888037
 0.379000	 4.889157
 0.380000	 4.890265
 0.381000	 4.891363
 0.382000	 4.892449
 0.383000	 4.893525
 0.384000	 4.894589
 0.385000	 4.895643
 0.386000	 4.896687
 0.387000	 4.897720
 0.388000	 4.898743
 0.389000	 4.899755
 0.390000	 4.900758
 0.391000	 4.901750
 0.392000	 4.902733
 0.393000	 4.903706
 0.394000	 4.904668
 0.395000	 4.905622
 0.396000	 4.906566
 0.397000	 4.907500
 0.398000	 4.908425
 0.399000	 4.909341
 0.400000	 4.910247
 0.401000	 4.911145
 0.402000	 4.912033
 0.403000	 4.912913
 0.404000	 4.913784
 0.405000	 4.914646
 0.406000	 4.915500
 0.407000	 4.916345
 0.408000	 4.917181
 0.409000	 4.918009
 0.410000	 4.918829
 0.411000	 4.919641
 0.412000	 4.920445
 0.413000	 4.921240
 0.414000	 4.922028
 0.415000	 4.922807
 0.416000	 4.923579
 0.417000	 4.924344
 0.418000	 4.925100
 0.419000	 4.925849
 0.420000	 4.926591
 0.421000	 4.927325
 0.422000	 4.928051
 0.423000	 4.928771
 0.424000	 4.929483
 0.425000	 4.930188
 0.426000	 4.930886
 0.427000	 4.931578
 0.428000	 4.932262
 0.429000	 4.932939
 0.430000	 4.933610
 0.431000	 4.934274
 0.432000	 4.934931
 0.433000	 4.935582
 0.434000	 4.936226
 0.435000	 4.936864
 0.436000	 4.937495
 0.437000	 4.938120
 0.438000	 4.938739
 0.439000	 4.939351
 0.440000	 4.939958
 0.441000	 4.940558
 0.442000	 4.941153
 0.443000	 4.941741
 0.444000	 4.942324
 0.445000	 4.942901
 0.446000	 4.943472
 0.447000	 4.944037
 0.448000	 4.944597
 0.449000	 4.945151
 0.450000	 4.945699
 0.451000	 4.946242
 0.452000	 4.946780
 0.453000	 4.947312
 0.454000	 4.947839
 0.455000	 4.948360
 0.456000	 4.948877
 0.457000	 4.949388
 0.458000	 4.949894
 0.459000	 4.950395
 0.460000	 4.950891
 0.461000	 4.951382
 0.462000	 4.951868
 0.463000	 4.952350
 0.464000	 4.952826
 0.465000	 4.953298
 0.466000	 4.953765
 0.467000	 4.954227
 0.468000	 4.954685
 0.469000	 4.955138
 0.470000	 4.955587
 0.471000	 4.956031
 0.472000	 4.956471
 0.473000	 4.956906
 0.474000	 4.957337
 0.475000	 4.957764
 0.476000	 4.958186
 0.477000	 4.958604
 0.478000	 4.959018
 0.479000	 4.959428
 0.480000	 4.959834
 0.481000	 4.960235
 0.482000	 4.960633
 0.483000	 4.961027
 0.484000	 4.961416
 0.485000	 4.961802
 0.486000	 4.962184
 0.487000	 4.962562
 0.488000	 4.962937
 0.489000	 4.963307
 0.490000	 4.963674
 0.491000	 4.964037
 0.492000	 4.964397
 0.493000	 4.964753
 0.494000	 4.965106
 0.495000	 4.965455
 0.496000	 4.965800
 0.497000	 4.966142
 0.498000	 4.966481
 0.499000	 4.966816
